{"extrinsics": {"00000.jpg": [[1.0000000000000104, 9.854378222798003e-09, 9.741299229051133e-09, 4.4851399621173895e-09], [4.297606354575919e-09, 1.0000000028926843, 2.703686965367597e-09, 9.17500640127836e-09], [3.6680662654985152e-09, 1.2102651573806e-09, 1.0000000026377787, 4.641402997123743e-09]], "00002.jpg": [[0.9878784126391918, -0.022285083726763973, 0.15362166801841945, -0.9752441218408395], [0.032851329305932, 0.9972395203362533, -0.06658925770988093, 0.10965195250230396], [-0.1517136513445758, 0.07082876620985878, 0.9858834889949651, -0.19202956055597833]], "00004.jpg": [[0.9446696829104932, -0.05458744729856986, 0.32344922443440005, -1.9190387272159126], [0.09055115799028834, 0.9911376559687031, -0.0971937997378636, 0.33943712235490364], [-0.31527714470986773, 0.12110473780282897, 0.9412406517492227, -0.33471981025332614]], "00006.jpg": [[-0.5654594733462185, 0.34814681809428005, -0.7476960458995662, -0.6038686819502894], [0.822628967072282, 0.17269479843233215, -0.541717720891617, 1.498174227991573], [-0.05947408289842488, -0.9213958430800764, -0.38404756712957683, 4.457758150782779]], "00008.jpg": [[0.08686916771222676, 0.3385867946186394, -0.9369166079277609, 0.5420922415788516], [0.9891484583867534, -0.14117095668928692, 0.04069506430198395, 1.5226064595421043], [-0.11848660250043568, -0.9302847647345985, -0.3471760094398761, 4.628462675976428]], "00010.jpg": [[0.8078447705126373, 0.09417274351086291, -0.5818232731122244, 0.53664562872305], [-0.4867617029587068, 0.6632217311628721, -0.5685067984167496, -1.186837121794315], [0.3323399935128554, 0.7424745313429687, 0.5816198922139055, -4.885640240889007]], "00012.jpg": [[-0.2053185166204526, -0.43128300751656007, 0.8785438373583004, 0.17399348553238533], [-0.9682173416394044, -0.041492711522380404, -0.24664455039437805, 1.4541354096904615], [0.14282676948492984, -0.9012620719402272, -0.4090564650515954, 4.630138798540896]], "00014.jpg": [[0.8368324769283269, -0.3449213900822639, 0.4251360255514929, -0.5313456043799815], [-0.5466109902764438, -0.5696291422668729, 0.6137907343625452, 1.5144368223511002], [0.030460316265702, -0.7460240444811583, -0.6652219886541395, 4.930075252500365]], "00016.jpg": [[-0.34880201893023494, 0.4338326270021315, -0.8307384686762865, 0.7897230371453163], [-0.9224421315942963, -0.0022535086123497312, 0.38612878105459153, -0.7410422217748154], [0.16564318715227203, 0.9009906622420479, 0.4009715215606638, -5.249187701670714]], "00018.jpg": [[-0.9393958061113207, -0.10457065840899375, -0.32649731524221093, 0.8104619787095607], [0.27904916134545116, 0.3200330687414815, -0.9053785950994809, 0.8121963931425091], [0.1991659735317822, -0.9416176571792924, -0.27145736806231274, 4.839739335769908]], "00020.jpg": [[-0.8560297930229609, -0.008387325151611872, -0.5168584392595972, 0.17614157417891219], [0.48594661428252733, 0.3278821320556854, -0.8101538098077218, 1.2174245062444444], [0.17626367046108493, -0.9446814067480206, -0.2766010813792433, 5.144185403792454]], "00022.jpg": [[-0.15776997332582804, 0.27544566161031403, -0.9482817740612879, 0.38277680031265954], [-0.8965044799978561, 0.36264723667509446, 0.2544930236287265, -1.815140341235457], [0.4139907642213064, 0.8902902162957724, 0.1897234247727053, -3.9717564665322644]], "00024.jpg": [[-0.10394736332159189, -0.23426951480015332, 0.9665985413261236, -0.9631176545156886], [0.9777279983872789, -0.20223086035024035, 0.05613056468277972, -0.537041632557472], [0.18232637447197556, 0.950905081255381, 0.2500732285043771, -4.506987570558771]], "00026.jpg": [[0.848110690465412, 0.22975092990460616, -0.4774125751656002, -0.07795375516181145], [-0.5004521593435134, 0.6432208880034066, -0.5794950607593854, -1.4861462424996381], [0.17394221145741545, 0.7303981102413105, 0.6605018604282851, -4.542643218942431]], "00028.jpg": [[0.5589689738783594, 0.6616039922283559, -0.49983381609178434, -0.27997099690202754], [-0.7531861903295248, 0.15300962688826794, -0.6397645010286285, -0.4908208269426345], [-0.3467913622601795, 0.7340764344038119, 0.5838386245485254, -5.168753912691351]], "00030.jpg": [[-0.6797325732189173, -0.5028466669106526, 0.5339558581774684, 0.7758595968004842], [-0.6820786162594085, 0.7010466171173985, -0.20809229171188115, -2.1434659062345154], [-0.26968943276821283, -0.5056469818016306, -0.8195051797566997, 4.904785049290972]], "00032.jpg": [[-0.2678146597282161, 0.2957567114732649, -0.9169532570710349, 0.9853812240216421], [0.9383969897237944, -0.13563705084876254, -0.3178264937263266, 0.34639216539110296], [-0.2183721541588595, -0.9455847704228162, -0.24121161711752087, 4.669433242265842]], "00034.jpg": [[0.6645744154868876, -0.6422148341551712, 0.38196983267178025, 1.2856867663653566], [-0.6937888885236076, -0.34050518721891004, 0.6345968764800155, 0.2544041119171827], [-0.27748481839812245, -0.6867432739154141, -0.6718525517481496, 4.902686434934862]], "00036.jpg": [[-0.9784271076055828, 0.004795734366072299, -0.2065366699510393, -0.10192223336370264], [-0.20125831773318528, -0.24783420559445704, 0.9476672918701866, -1.4546357323270394], [-0.046642090924215666, 0.9687905901015219, 0.2434528863763228, -4.878147010173019]], "00038.jpg": [[-0.9267885930067596, 0.3543591970322625, -0.12446872438970909, 0.5349023290845178], [-0.18193431317158018, -0.13364674011002514, 0.9741860471946563, -1.2183250125198855], [0.32857694618359395, 0.9255096478895365, 0.18833237135460756, -4.572332415281396]], "00040.jpg": [[0.8837160600359697, -0.29087881517972963, 0.3666543878288373, 0.8222428578642869], [0.46505820263967285, 0.6338001435174905, -0.6180762462955243, -1.1285010372044113], [-0.05260031741405756, 0.7167195357717303, 0.6953749446529515, -4.5428083055504676]], "00042.jpg": [[-0.9593473116493588, -0.0709393642558044, -0.2731672422347367, 0.44932524217517117], [-0.2486433136940523, -0.24548351586567252, 0.936970835188305, -1.0485865260572573], [-0.13352617041760165, 0.9668016601336656, 0.21786535240005314, -4.625474181801458]], "00044.jpg": [[0.9671496862370206, 0.24804928511705723, -0.05561507497567236, 0.26108638424398506], [-0.20543379208776044, 0.6337923234541133, -0.7457239756096621, -1.3940334656881295], [-0.14972789145672052, 0.7326519247798056, 0.6639297520343327, -4.6454224462440195]], "00046.jpg": [[0.5390515937074611, 0.48165352305506176, -0.6909654572046959, -0.48633045141323666], [0.8409264017620902, -0.35412951056247916, 0.40918831431046937, 1.2309269424128217], [-0.04760426599487866, -0.8016247086245697, -0.5959292410862747, 4.926409861526203]], "00048.jpg": [[0.11214181411035617, -0.6018429921229892, 0.7907017303386191, 0.30748377393306286], [0.9775843061757544, -0.07587366528125936, -0.19639783918276008, -1.0223495592963574], [0.17819410160526677, 0.7950020124183558, 0.5798436534134498, -4.85961424764974]], "00050.jpg": [[-0.6937712608378653, -0.17366461227168226, 0.698943517088444, -1.2823384953983512], [-0.7017835694526734, -0.05502427448174079, -0.7102620297214418, 1.4344662156086527], [0.16180623993438017, -0.9832664601532404, -0.08370071120374958, 4.681135254164941]], "00052.jpg": [[-0.4445871818940706, -0.09000653101094155, 0.8912020321290034, -1.1869571658897944], [-0.8956221863925515, 0.06049905839023663, -0.44068215663369065, 0.9859060146748051], [-0.014252611582251279, -0.9941019506616371, -0.10750895197058868, 4.582365799130232]], "00054.jpg": [[-0.44971724429812043, 0.3506745777659688, -0.8214509971322482, 1.300345498486813], [-0.871022618817164, 0.03135463347176867, 0.4902412512924041, -1.347794230875229], [0.19767143873052453, 0.935972343324583, 0.2913447697174154, -5.227745551463625]], "00056.jpg": [[0.4957934185003981, 0.4574774158789504, -0.7381756566918247, 0.2482204362958591], [-0.8671040263487225, 0.21363377387546065, -0.44999024228260986, -0.3945288580799106], [-0.048161121888120294, 0.863177284583211, 0.5025987283291028, -5.117102666396728]], "00058.jpg": [[-0.5431585461216262, -0.6391028627522637, 0.5445423074444283, 0.7305922654925986], [0.7905204955443975, -0.1707041843215859, 0.5881644562359595, -1.298623962771726], [-0.28294193732863493, 0.7499384056553997, 0.5979433483397533, -5.424527773845287]], "00060.jpg": [[0.9820290621237248, -0.034409759446355194, 0.1855664021293765, 0.7439831745466767], [0.17238154167733508, 0.5638265733614557, -0.8077030390313159, -0.39595554507448566], [-0.07683440136646234, 0.8251760803769838, 0.5596256884206928, -4.601740878690321]], "00062.jpg": [[0.9704477806410698, -0.1449769466245905, -0.19290616889107792, 1.3422573075306956], [-0.07407979357565726, 0.5818226554154222, -0.8099349244409296, -0.7663828347679644], [0.22965907174028724, 0.8002899990583152, 0.5538886423954116, -4.685339030685803]], "00064.jpg": [[0.744410295890687, 0.42011063439155, -0.5189993894438312, 0.1597442937754546], [-0.6603473928839374, 0.3479828063074313, -0.6654692233498039, -1.1058347418313905], [-0.09896783357903016, 0.8381020351875628, 0.5364609459514634, -5.465882858058361]], "00066.jpg": [[-0.9849519715702825, -0.15775600728243555, 0.07058793003139165, 0.5391953735880345], [-0.1257098155458298, 0.37366128742928956, -0.9190072276930787, 1.247095377621613], [0.11860293409206198, -0.9140515764676468, -0.38786990032969076, 5.490450488114864]], "00068.jpg": [[0.9110351243899865, 0.14360406635595546, -0.3865137439390183, -0.6601655640256061], [-0.3306845400082299, 0.8144016584610397, -0.47686232153049524, -1.0254098176591686], [0.246298065618202, 0.5622524440337653, 0.7894361608456948, -5.455171013814611]], "00070.jpg": [[-0.9815478280745392, -0.021351667308300612, -0.19002096596247203, -0.03631376447004501], [-0.18312008373078714, -0.18115047770698053, 0.9662564563101054, -1.4011539442895358], [-0.05505357514807426, 0.9832235812518373, 0.17389793884266386, -5.957399294517588]], "00072.jpg": [[-0.8045541166650757, -0.03463605106701343, -0.5928684654489252, 0.7180385188924573], [-0.5833000810815964, -0.14150344872321835, 0.7998361015918438, -1.549561077146602], [-0.11159609656024112, 0.989331652160143, 0.09364397079683537, -4.580189800492888]], "00074.jpg": [[0.8161469251662062, -0.41264634872146694, 0.4045085752225642, 0.8401302973390588], [0.5708125839865539, 0.46685191411690413, -0.6754422878736387, -0.84222912958221], [0.08987319124377514, 0.782158731442809, 0.6165634828007861, -4.414032100649062]], "00076.jpg": [[0.4366866674823462, 0.05696720607142362, -0.8978081598401617, 0.7803980325975333], [-0.8416966046653971, 0.37817263180675015, -0.3853988664320357, -0.44691339686460013], [0.317571378020603, 0.9239806264120325, 0.21309205024430922, -4.261569857022124]], "00078.jpg": [[-0.9740912480808648, 0.22090919256087374, 0.04842901046238098, -1.1661102098279055], [0.06292141602863803, 0.4704124832356333, -0.8802005402299158, 0.8036728796096505], [-0.21722600170608886, -0.854348420878852, -0.47212460211749063, 5.127173316144888]], "00080.jpg": [[0.4621815839405765, 0.44746936336251436, -0.7656104442326566, -0.30895032654349897], [-0.813923442511038, 0.5567708612984871, -0.16593624601009144, -1.0934204518921544], [0.3520182000936327, 0.6998409654063463, 0.6215350432131338, -5.021393087229049]], "00082.jpg": [[-0.8095542748110492, 0.07789993640129493, -0.5818534833133082, 0.380173737916701], [-0.5808069453754116, -0.25039384343686866, 0.7745748610512713, -1.341223660656234], [-0.08535319759001353, 0.9650049342244771, 0.24795223044686057, -5.12737458425451]], "00084.jpg": [[-0.5662607026239771, -0.5306726143629583, 0.6306626618319681, 0.9854470424215171], [0.7635440496180241, -0.04958485166220159, 0.643849226743767, -0.9024454678591698], [-0.3104018378758568, 0.8461252382778925, 0.4332698699338209, -4.6662031196549805]], "00086.jpg": [[0.2291808432471635, 0.22013169364545912, -0.9481656915019132, 0.9783516118182984], [-0.9665669758254354, 0.16654767169776358, -0.194961930375461, -0.6149956994948184], [0.1149974883734054, 0.9611471846209801, 0.25094156125076783, -4.58565929249117]], "00088.jpg": [[-0.9718610379542694, -0.19944192194330027, -0.12533571988069564, 0.12557239356512384], [0.03731169219087252, 0.39502847453820383, -0.9179108572894608, 0.5724741023782702], [0.23258108378005105, -0.8967582863155388, -0.37647126768468614, 4.9442463984715355]], "00090.jpg": [[-0.43454323395525535, 0.13991655756970978, -0.8897165474135851, 1.2408643309483847], [-0.8639967508545637, -0.3437112597786843, 0.3679295916532209, -1.1459023000200526], [-0.2543261534653171, 0.9285935207717054, 0.27024485350204974, -5.0805679978196725]], "00092.jpg": [[0.6569588796484694, -0.40092191380662057, 0.6384877833448853, 0.6445840518473813], [0.7370805553443652, 0.5195755913140621, -0.4321498118059109, -1.607229377016358], [-0.1584843379778271, 0.754521586132749, 0.6368515452406865, -3.8070228367380436]], "00094.jpg": [[-0.9322239838588403, 0.16796988140718003, -0.3205379273321794, 0.32032948347352413], [-0.35659040898872646, -0.27545485419401333, 0.8927305884297947, -1.0001989142051773], [0.06165812303017762, 0.9465256162624512, 0.3166820702587736, -4.941126899642939]], "00096.jpg": [[-0.9776717962022404, -0.2094340840350692, -0.017182064924686307, 1.1333365480418605], [0.08034279315862076, -0.448099057436193, 0.8903663685878226, -1.6922999712798328], [-0.19417233195838132, 0.8691056317670404, 0.454920329654168, -5.500372383042225]], "00098.jpg": [[0.9120532478415877, 0.27975329686383266, -0.29982822748271665, 0.8370337852802139], [-0.4100060988029742, 0.6090213846550668, -0.678960935531044, -1.5945384363049688], [-0.007339757896363271, 0.7421799282698507, 0.6701604897540451, -4.963663135769179]], "00100.jpg": [[0.8849586303031687, 0.41977889472818497, -0.20157852612002997, -0.5422929659405619], [-0.4092294394537991, 0.4944916457188998, -0.7668176303388856, -0.8551841145697605], [-0.22221496019905934, 0.7610937470870442, 0.6093905312759076, -4.674776165873548]]}}
