{"extrinsics": {"00000.jpg": [[1.0000000043258728, 1.3587239560193431e-09, 5.129297791690173e-09, 4.2383086314515505e-09], [3.742697903472056e-09, 1.0000000076782545, 4.635406032740939e-09, 6.410565110655975e-10], [2.2092344959190524e-09, 5.055056948266514e-09, 1.0000000027380656, 5.288216900471163e-09]], "00028.jpg": [[0.9976334761630119, -0.018769835405080967, 0.06614491038256912, 0.9300468115062795], [0.01859674551449059, 0.9998218503812469, 0.003231704348904848, 0.27171811778932303], [-0.06619377713597627, -0.0019939668085951086, 0.9978047972629571, 0.2473504001340631]], "00056.jpg": [[0.9426006301793385, -0.2597361982120632, 0.20985985638958946, -0.023363130672287312], [0.3327007712705664, 0.6767999700519124, -0.6566977975703143, 0.8580847908398841], [0.028535044795575785, 0.688824293906708, 0.7243665117483276, 7.394772954201905]], "00084.jpg": [[0.662935067760776, 0.12269483465756495, -0.7385547193548815, -1.24568140698109], [0.7367469788016179, -0.2823153726519641, 0.6144118485112986, -1.9245837811152489], [-0.1331201906537976, -0.9514431185902469, -0.2775518094474636, -6.954033496739433]], "00113.jpg": [[-0.7024887241200067, -0.1545158280552809, -0.6947189729413151, -2.0942743450765913], [-0.687974235988102, 0.3973516147463011, 0.6072916472956746, 5.247756968413013], [0.18221153394017717, 0.9045642891132153, -0.3854379376245543, 5.143475123181102]], "00141.jpg": [[0.17919432333112353, -0.010572292551460909, -0.9837568912674043, -3.7838124593056226], [0.8881600371120447, -0.42835491808549453, 0.1663845324214385, -3.2417220185348756], [-0.42315616852768734, -0.9035487207573114, -0.06736888194702391, -6.30239416171749]], "00169.jpg": [[0.9953922415227588, 0.04607709681024386, 0.08409034823234472, 0.1974420423957161], [-0.05015024081871278, -0.49729684064917024, 0.8661297856708183, -1.8197430199527858], [0.08172661048962385, -0.8663560200228855, -0.4926946394147031, -8.381051413969216]], "00198.jpg": [[0.6915656631226921, -0.0009157454292668024, 0.7223130173269622, -0.5250073810236068], [-0.5664502897127378, -0.6211742827608012, 0.541550163623796, -1.9892664383818883], [0.4481863483798083, -0.7836719159488321, -0.43010152903594745, -6.704106000683161]], "00226.jpg": [[0.36610356476290695, -0.05707582835871943, 0.9288221195067751, 0.37076912950636914], [0.7881673265929342, 0.5496598680463219, -0.27688679049504444, 1.000974916711656], [-0.4947327007175073, 0.8334364878480333, 0.24621774014943626, 5.809375503130858]], "00254.jpg": [[0.09559272679294593, -0.3424058001732036, 0.9346765743250636, 0.8398607321233321], [-0.7156210643731795, -0.6763217592227109, -0.1745719628900764, -1.868439402541192], [0.6919165576929679, -0.6521864350089203, -0.3096842443209991, -11.875625001663796]], "00283.jpg": [[-0.01149041253686234, -0.026665724218461907, 0.9995783658981611, 1.807649635618438], [-0.9674724582092697, -0.25234561053273524, -0.01785316362369187, -1.6575139767206233], [0.25271528055550185, -0.9672696790434231, -0.022898798592677794, -6.382605570602331]], "00311.jpg": [[-0.6747683049923716, 0.28752988326722706, -0.679716338486914, 1.7531522550414997], [-0.7374955759393319, -0.22766312438172426, 0.635822127065947, 1.7037180092945645], [0.0280715166607551, 0.9303204114847139, 0.36567187740825574, 7.293080173909673]], "00339.jpg": [[-0.9200296204497124, -0.05333244772407043, -0.3882024568635782, 0.7043753297293044], [-0.3796907787158869, -0.12353298561296037, 0.9168285085138181, 1.293417992851303], [-0.09685251702089494, 0.9909062778513956, 0.09340416725933486, 6.0917278186261035]], "00368.jpg": [[0.20979171338726904, 0.22882428124594703, -0.9505929125058259, -0.4468450045873144], [0.9650862300512295, -0.2044084964084899, 0.16378563783655023, -1.687359108879869], [-0.15683113708552557, -0.9517649998336228, -0.26371837162428585, -7.586768288026427]], "00396.jpg": [[0.8883422882411188, 0.051113404056640915, 0.4563281701235156, 0.23647708650431096], [0.36210240690130324, 0.5331294868261311, -0.7646272276036142, 1.5992773303889525], [-0.2823647035994702, 0.8444882297594496, 0.4550931816221101, 8.183457917926926]], "00424.jpg": [[0.5865112221945105, 0.43325219071271276, -0.6843223841746929, 0.3859062275270514], [0.7809692574989545, -0.0785560045057432, 0.6196095326878253, -1.1547189023263373], [0.2146895551288726, -0.8978426885589306, -0.38443061990408395, -5.953571029337026]], "00453.jpg": [[-0.9945097547054257, 0.0862321919010528, 0.05928201140054699, 0.32846294860897524], [-0.036849635809323385, 0.24163290804835905, -0.969667799861795, -2.1424566043783027], [-0.09794106460762365, -0.9665286063164578, -0.23712865924533916, -7.8256365357711255]], "00481.jpg": [[-0.9194576469625511, 0.1437908559494668, -0.36595331011948634, 1.4881541331713717], [-0.3709464757848561, -0.008624568978276691, 0.9286141980999076, 2.613280557315802], [0.13037004082565962, 0.9895705162115832, 0.06126863716337555, 6.644193200109494]], "00509.jpg": [[-0.9960581103441984, 0.0030584126189988274, -0.08865036339348102, 0.9724376644935826], [-0.08809095859653568, 0.0831036216826699, 0.9926397992609238, 2.200912962566442], [0.01040306834966307, 0.9965362181955433, -0.08250661787660815, 5.434979148355074]], "00538.jpg": [[0.179241860291826, -0.243285548234574, 0.9532494414052017, 0.241473975793856], [0.8751543660088817, 0.4820583655924459, -0.041527916127985884, 2.4070306827589754], [-0.44941872588346704, 0.8416839514821125, 0.29931744794237897, 6.338649985987955]], "00566.jpg": [[0.9831102097313342, 0.05227083668248692, -0.17539120603532363, 0.70414313032781], [0.1598440425949841, -0.7119632813138927, 0.6837822519688908, -3.128329365715107], [-0.08913022814346122, -0.7002685525519957, -0.7082935526586608, -7.631649555587773]], "00585.jpg": [[-0.8671199343675141, -0.36709732593732836, 0.33666388685473986, 0.289228361311428], [-0.28114409591601053, -0.19722908542748324, -0.9391797938589862, -1.9402379088019355], [0.41117030140082694, -0.9090325853076451, 0.06781402579740911, -6.071331378525259]], "00607.jpg": [[-0.8219875469903143, 0.1341746862566395, -0.5534741422693369, 0.9159144429462448], [-0.5671936839217997, -0.10539526647810551, 0.8168128076390738, 1.393382034682584], [0.051262047482159866, 0.9853369938107172, 0.16273663114368342, 5.79059101479066]], "00651.jpg": [[0.9469818774886091, 0.29940914864485574, -0.11653104914962258, 2.444179985585978], [-0.29193812241543493, 0.650436423823085, -0.7012165081091475, 2.421100932025807], [-0.13415459883544587, 0.6980591810670487, 0.703360450508345, 7.080145429896103]], "00679.jpg": [[0.8527942346520692, 0.32132254936321647, 0.4116962625709815, 1.5841791591072123], [0.18711242585984808, 0.54799238841418, -0.8152872391549895, 1.833889966726485], [-0.4875765923760433, 0.772305743543867, 0.40720130777800795, 6.218355941167194]], "00708.jpg": [[-0.5654346101622097, -0.5701295592703671, 0.5960167676138701, -0.8245445899523876], [-0.5709129304760966, -0.25098795054884926, -0.7817054908944185, -1.347817275822452], [0.5952664339990162, -0.7822770189168696, -0.18357706346009037, -5.9060089407096825]], "00736.jpg": [[-0.9613949128338617, 0.03854075259508774, -0.27245996397007544, -0.603434923967748], [-0.2745672877363403, -0.06873199177935044, 0.9591082930572291, 1.7044546519771453], [0.018238039430822417, 0.9968904271259942, 0.07666061715295706, 7.070886563722863]], "00764.jpg": [[0.8194088892111464, -0.42945525591835887, 0.3796541260751059, -2.665035166151924], [0.5569589959894453, 0.4399158093247782, -0.7044648731431219, 0.6307577820390244], [0.13552029024535206, 0.7886965600725176, 0.5996598928239183, 8.810117733319114]], "00792.jpg": [[0.6843362392409489, 0.10991632307090035, 0.7208344564351288, 0.5373916405655461], [-0.6298838251761686, -0.40889595955374586, 0.6603411701855785, -0.5832284296150141], [0.3673285701425793, -0.9059373577589094, -0.21058780917663117, -6.850425101946956]], "00821.jpg": [[0.9834778941502127, -0.13305688105616037, 0.12274810842318316, -0.5156316861560362], [0.17366492402802805, 0.5020404449943549, -0.8472283551393974, 1.66472721843005], [0.05110504750219897, 0.8545473995007398, 0.5168529927613087, 7.273616759864251]], "00849.jpg": [[0.9101317927072092, 0.4117744663016115, 0.045846578995436135, 0.534947180210107], [0.1458332193903424, -0.42195771284843975, 0.8948096784735633, -1.3193213585875319], [0.3878050954098084, -0.8077087825879674, -0.44408752572488824, -6.208731513665397]], "00877.jpg": [[-0.7910674155424906, -0.1322538035278733, -0.5972614800230589, -1.6033032271684375], [-0.5823962412806916, -0.1358831484783236, 0.8014676463225078, 1.3931608049682476], [-0.18715491500104062, 0.9818577806444418, 0.030468613012815546, 6.7694610032279785]], "00906.jpg": [[0.2776228168456812, 0.3514614333764052, -0.8940919597086601, -0.51857654653283], [-0.9602306842682241, 0.07273717426877467, -0.26956694246359525, 2.11023438972545], [-0.02970866130351131, 0.9333724681649855, 0.357677551874809, 7.8042561640185255]], "00934.jpg": [[-0.9192805935349925, 0.1725468712365406, -0.3537665438907875, 0.4442834067036442], [-0.35136079488834854, 0.04533677807480776, 0.9351417905158679, 2.3603769101111625], [0.177394425406718, 0.9839573942911735, 0.01894898557559468, 6.75504549305034]], "00962.jpg": [[-0.5402300298104162, 0.14954848659566955, -0.8281224336098993, -0.9694882512475863], [0.8003885336705079, -0.21257598711296788, -0.5605262213953257, -2.8148130897149937], [-0.2598647918818777, -0.9656327976305963, -0.004856962043934342, -6.674868509921713]], "00991.jpg": [[-0.8069878600553181, -0.5720298517416569, 0.14680750130615325, -2.7120523130960206], [0.253414044235837, -0.11087275718088904, 0.9609831184256802, 1.222045147569445], [-0.5334340783146264, 0.8127047929177765, 0.23443336720931793, 6.199120638222938]], "01019.jpg": [[-0.9297982343745806, 0.1269621024391305, -0.3454791859116089, 1.0984357340943942], [-0.3584640501542474, -0.09931983823127898, 0.9282451693818423, 1.66240775767898], [0.08353902142667013, 0.9869225877838386, 0.13785875968224157, 6.638626618508862]], "01047.jpg": [[-0.14901513387021478, -0.2854463720056978, 0.9467390657337574, 0.5793213959867491], [0.9138053759082376, 0.32607602746020287, 0.24214491379539457, 2.268640893271495], [-0.3778283007383752, 0.9012185045950605, 0.21225216638845856, 7.621179717797114]], "01076.jpg": [[0.8479947730439749, 0.14087870365369537, -0.5109384069992701, -0.7717500172191903], [0.4885709022568767, -0.5814467247788195, 0.6505522113649952, -2.854886564742363], [-0.20543451111728797, -0.8012945133350394, -0.5618930187688427, -8.032120035467038]], "01104.jpg": [[-0.946675733748842, -0.2955022072442037, -0.12838808607068744, -0.637768495484158], [0.11533407074088807, 0.06126703351222767, -0.991435526260254, -1.6823776215543345], [0.30083734352208696, -0.9533754748882597, -0.02391854143041143, -6.450706681238496]], "01132.jpg": [[0.4888578485336811, 0.019310666736356882, 0.8721497016437131, 0.5769002429347302], [0.7033763375363088, 0.5826528495256615, -0.40715769025481313, 1.5420703581761557], [-0.5160229953413206, 0.8124916953974513, 0.271251752416731, 6.152013480519468]], "01161.jpg": [[0.6619162709637239, -0.24152473214383602, 0.7096003480807538, -0.8099844754643224], [0.7016962697317184, 0.5325744673716779, -0.473272418114943, 1.9442258682683158], [-0.2636080334095875, 0.8111906313972211, 0.5219967090464345, 6.860968556709527]], "01189.jpg": [[0.8492482645051358, 0.3749020854889498, -0.37178732029354006, 1.4842441021372885], [0.5236277459480336, -0.507656013684829, 0.6841778682791563, -1.6310393689424665], [0.0677596407044565, -0.7757150237462621, -0.6274351225632323, -6.331969187316962]], "01217.jpg": [[-0.7441191259158443, -0.014613975251252687, -0.6678870848980353, -0.759669291463549], [-0.664927345522361, -0.08030287934674299, 0.7425786643482349, 0.8389896172557539], [-0.0644852822187084, 0.996663373108483, 0.05003767661667923, 6.64103031809976]], "01246.jpg": [[-0.9681776028564313, -0.07068979311392393, -0.24007307736746716, 0.0003223928035369094], [-0.22690891153036427, -0.15669563951245963, 0.9612277682349208, 0.9609085108596438], [-0.10556739645970525, 0.9851139171219198, 0.1356690646294416, 6.265343342192481]], "01274.jpg": [[0.9487478775130261, -0.027548553406439847, 0.31483097388875364, -1.1810490867417147], [-0.2634807254112991, -0.6190497947002147, 0.7398346159908701, -2.112430234404159], [0.1745146763205442, -0.7848684150141573, -0.5945806916322637, -6.753663270392242]], "01302.jpg": [[0.9804776721841973, 0.16961090653284422, -0.09947700605348507, -0.9128759080568201], [-0.17108344729103953, 0.48649349810537545, -0.8567698234439689, 1.961930784728634], [-0.09692258978830713, 0.8570625512098294, 0.506013631142903, 6.708461304895953]], "01331.jpg": [[0.2175814893194473, -0.4529723951840883, 0.8645659631900404, -1.4843877984823968], [0.9483370079544127, 0.3076608121975066, -0.07747092346192716, 0.8908826426469824], [-0.230900876675695, 0.8367561376166658, 0.496511783657986, 7.559183014602397]], "01359.jpg": [[0.7824772500220237, 0.2815196748220095, -0.5554061809937682, -0.21456476753533152], [0.6182328279162708, -0.2448368436231606, 0.746888941202974, -0.9829130407994691], [0.07428003557230814, -0.9277939387023167, -0.3656239647816027, -7.142580805604559]], "01387.jpg": [[-0.9826783100692378, -0.14251990265281833, -0.11845427922747079, -0.8521503549560384], [0.1097637277182537, 0.06739512357432798, -0.99167021806435, -1.7457119848695746], [0.14931598372867366, -0.9874947972856528, -0.05058421035171176, -7.162632214050282]]}}
