{"intrinsics": [[927.494, 0.0, 960.0], [0.0, 927.494, 540.0], [0.0, 0.0, 1.0]], "extrinsics": {"00000.jpg": [[1.0, 0.0, 0.0, 0.0], [0.0, 1.0, 0.0, 0.0], [0.0, 0.0, 1.0, 0.0], [0.0, 0.0, 0.0, 1.0]], "00028.jpg": [[0.9754779934883118, 0.07776214927434921, -0.20590244233608246, 0.09452707320451736], [-0.08084183186292648, 0.9967052340507507, -0.006573444232344627, -0.013389669358730316], [0.2047128677368164, 0.023057781159877777, 0.978550374507904, 0.010017193853855133], [0.0, 0.0, 0.0, 1.0]], "00056.jpg": [[0.9615477323532104, -0.08570798486471176, 0.2609216868877411, -0.14268487691879272], [0.09901358187198639, 0.9943503737449646, -0.03825872391462326, 0.016488414257764816], [-0.2561684548854828, 0.06262238323688507, 0.9646015763282776, -0.02651173062622547], [0.0, 0.0, 0.0, 1.0]], "00084.jpg": [[0.9336743950843811, -0.09496239572763443, 0.34530314803123474, -0.1838020533323288], [0.11976603418588638, 0.9914825558662415, -0.051169294863939285, 0.015607641078531742], [-0.3375028967857361, 0.08913105726242065, 0.9370952248573303, -0.0012801989214494824], [0.0, 0.0, 0.0, 1.0]], "00113.jpg": [[0.7739333510398865, -0.1609530746936798, 0.6124714612960815, -0.334311842918396], [0.2224111706018448, 0.9746345281600952, -0.024917079135775566, 0.0042854552157223225], [-0.5929253101348877, 0.15550465881824493, 0.7900998592376709, 0.06275356560945511], [0.0, 0.0, 0.0, 1.0]], "00141.jpg": [[0.6010383367538452, -0.20314860343933105, 0.7729706168174744, -0.4029718339443207], [0.32581931352615356, 0.9454194903373718, -0.004876326769590378, -0.01902257651090622], [-0.7297908663749695, 0.2547796070575714, 0.6344230771064758, 0.15330848097801208], [0.0, 0.0, 0.0, 1.0]], "00169.jpg": [[0.47111016511917114, -0.22363150119781494, 0.853255033493042, -0.46791335940361023], [0.37162601947784424, 0.9276072978973389, 0.03793167695403099, -0.04611901938915253], [-0.7999683022499084, 0.29922178387641907, 0.5201125144958496, 0.20213724672794342], [0.0, 0.0, 0.0, 1.0]], "00198.jpg": [[0.2415480613708496, -0.2252432107925415, 0.9438855648040771, -0.5033965706825256], [0.43565842509269714, 0.8943224549293518, 0.10192718356847763, -0.07266435027122498], [-0.8670964241027832, 0.38659143447875977, 0.31415095925331116, 0.2901533246040344], [0.0, 0.0, 0.0, 1.0]], "00226.jpg": [[-0.11228004842996597, -0.19584384560585022, 0.9741860032081604, -0.5387556552886963], [0.497115820646286, 0.837809681892395, 0.22572284936904907, -0.15216517448425293], [-0.8603888750076294, 0.5096274018287659, 0.0032877610065042973, 0.45313119888305664], [0.0, 0.0, 0.0, 1.0]], "00254.jpg": [[-0.2746011018753052, -0.194130539894104, 0.9417576789855957, -0.5511805415153503], [0.49174460768699646, 0.8132928013801575, 0.3110339045524597, -0.18296903371810913], [-0.8263058662414551, 0.5485145449638367, -0.1278684437274933, 0.5426135063171387], [0.0, 0.0, 0.0, 1.0]], "00283.jpg": [[-0.30245348811149597, -0.2153480350971222, 0.9285187721252441, -0.5655770897865295], [0.4652969539165497, 0.8168300986289978, 0.3410092294216156, -0.18669697642326355], [-0.8318777680397034, 0.5351763963699341, -0.14685234427452087, 0.548398494720459], [0.0, 0.0, 0.0, 1.0]], "00311.jpg": [[-0.588047444820404, -0.14988626539707184, 0.7948171496391296, -0.5090276598930359], [0.41336777806282043, 0.7889578938484192, 0.45461252331733704, -0.2407229244709015], [-0.6952174305915833, 0.5958855152130127, -0.4019865095615387, 0.6722354292869568], [0.0, 0.0, 0.0, 1.0]], "00339.jpg": [[-0.8074729442596436, -0.04709519073367119, 0.5880216956138611, -0.4306146204471588], [0.3566284775733948, 0.7550501227378845, 0.5501958131790161, -0.29367488622665405], [-0.46989747881889343, 0.6539735198020935, -0.5928870439529419, 0.7728080749511719], [0.0, 0.0, 0.0, 1.0]], "00368.jpg": [[-0.9146757125854492, 0.014894431456923485, 0.40391403436660767, -0.33056485652923584], [0.2846103310585022, 0.7333008646965027, 0.6174680590629578, -0.3341410756111145], [-0.28699368238449097, 0.6797410845756531, -0.6749715805053711, 0.8244770169258118], [0.0, 0.0, 0.0, 1.0]], "00396.jpg": [[-0.9604359269142151, 0.07180848717689514, 0.2690843641757965, -0.25931185483932495], [0.23870190978050232, 0.7099888324737549, 0.6625233888626099, -0.36472558975219727], [-0.1434720754623413, 0.7005422115325928, -0.69903963804245, 0.8545520901679993], [0.0, 0.0, 0.0, 1.0]], "00424.jpg": [[-0.9857823252677917, 0.12930986285209656, 0.10729444026947021, -0.16280381381511688], [0.16738872230052948, 0.7001392245292664, 0.6941081285476685, -0.36747628450393677], [0.01463397964835167, 0.702199399471283, -0.7118299007415771, 0.8577944040298462], [0.0, 0.0, 0.0, 1.0]], "00453.jpg": [[-0.9735915064811707, 0.12692397832870483, 0.18976248800754547, -0.2296002209186554], [0.22422197461128235, 0.6879638433456421, 0.6902391910552979, -0.34792619943618774], [-0.042941827327013016, 0.7145599722862244, -0.6982549428939819, 0.8675003051757812], [0.0, 0.0, 0.0, 1.0]], "00481.jpg": [[-0.9348729252815247, 0.24585562944412231, -0.2560618817806244, 0.003394841216504574], [0.0037555007729679346, 0.7281458973884583, 0.6854118704795837, -0.31785863637924194], [0.3549627661705017, 0.6398113369941711, -0.6816471815109253, 0.8823830485343933], [0.0, 0.0, 0.0, 1.0]], "00509.jpg": [[-0.7847732901573181, 0.28164142370224, -0.5520951151847839, 0.1732722371816635], [-0.18419355154037476, 0.7445574998855591, 0.6416438221931458, -0.3120872378349304], [0.5917800664901733, 0.6052373051643372, -0.5324323177337646, 0.8170743584632874], [0.0, 0.0, 0.0, 1.0]], "00538.jpg": [[-0.3180305063724518, 0.32882821559906006, -0.8892292976379395, 0.36225244402885437], [-0.3570787310600281, 0.8273149728775024, 0.4336411952972412, -0.21203693747520447], [0.8782660961151123, 0.45543599128723145, -0.1456938236951828, 0.6726037859916687], [0.0, 0.0, 0.0, 1.0]], "00566.jpg": [[-0.06058821454644203, 0.3344123661518097, -0.9404772520065308, 0.3622765839099884], [-0.4204375445842743, 0.8459974527359009, 0.32790330052375793, -0.17396868765354156], [0.905296266078949, 0.4152790307998657, 0.08934202790260315, 0.5030086636543274], [0.0, 0.0, 0.0, 1.0]], "00585.jpg": [[0.04789525270462036, 0.34234628081321716, -0.9383522868156433, 0.37846100330352783], [-0.4468000531196594, 0.8475481867790222, 0.28641200065612793, -0.177120178937912], [0.8933508992195129, 0.4055381119251251, 0.1935538798570633, 0.45271894335746765], [0.0, 0.0, 0.0, 1.0]], "00607.jpg": [[0.2514675259590149, 0.3419885039329529, -0.9054324626922607, 0.35401955246925354], [-0.42166972160339355, 0.8807553052902222, 0.21555659174919128, -0.10392528027296066], [0.8711823225021362, 0.32758796215057373, 0.3656875789165497, 0.34334006905555725], [0.0, 0.0, 0.0, 1.0]], "00651.jpg": [[0.832066535949707, 0.17250192165374756, -0.5271701812744141, 0.252336323261261], [-0.2638687491416931, 0.9590811729431152, -0.10264813899993896, 0.029683206230401993], [0.48789194226264954, 0.22451381385326385, 0.8435372114181519, 0.11346771568059921], [0.0, 0.0, 0.0, 1.0]], "00679.jpg": [[0.760470986366272, 0.18274177610874176, -0.6231286525726318, 0.28918471932411194], [-0.3026328980922699, 0.9487432241439819, -0.09110241383314133, 0.022307025268673897], [0.5745408535003662, 0.2578599750995636, 0.7767953276634216, 0.12292376905679703], [0.0, 0.0, 0.0, 1.0]], "00708.jpg": [[0.9906113743782043, -0.008135206066071987, -0.1364661157131195, 0.037501417100429535], [-0.029192987829446793, 0.9626144766807556, -0.26929739117622375, 0.1079687625169754], [0.133555069565773, 0.2707529067993164, 0.9533393383026123, 0.012130212038755417], [0.0, 0.0, 0.0, 1.0]], "00736.jpg": [[0.995796799659729, -0.009744800627231598, -0.09106970578432083, -0.036058347672224045], [-0.016509247943758965, 0.9589395523071289, -0.28312957286834717, 0.11218483000993729], [0.09008938074111938, 0.28344303369522095, 0.9547480940818787, 0.01759638451039791], [0.0, 0.0, 0.0, 1.0]], "00764.jpg": [[0.9892266392707825, -0.10117509216070175, 0.10580296814441681, -0.13537158071994781], [0.1288919597864151, 0.9446174502372742, -0.30180251598358154, 0.11810917407274246], [-0.06940844655036926, 0.3121882379055023, 0.9474813938140869, -0.04259572923183441], [0.0, 0.0, 0.0, 1.0]], "00792.jpg": [[0.8862319588661194, -0.18941247463226318, 0.42274799942970276, -0.29108789563179016], [0.32773682475090027, 0.901319146156311, -0.28321775794029236, 0.1059059277176857], [-0.32738590240478516, 0.3895467221736908, 0.8608552813529968, -0.000979699892923236], [0.0, 0.0, 0.0, 1.0]], "00821.jpg": [[0.628058910369873, -0.2996648848056793, 0.7181524634361267, -0.43618449568748474], [0.5620790123939514, 0.8129305243492126, -0.15235212445259094, 0.054879236966371536], [-0.5381534099578857, 0.4993445873260498, 0.6790035367012024, 0.10124534368515015], [0.0, 0.0, 0.0, 1.0]], "00849.jpg": [[0.47211533784866333, -0.34808123111724854, 0.8099052906036377, -0.49619707465171814], [0.6477652788162231, 0.7601372003555298, -0.05090772360563278, 0.010326527059078217], [-0.5979191064834595, 0.5486628413200378, 0.5843473672866821, 0.1535448133945465], [0.0, 0.0, 0.0, 1.0]], "00877.jpg": [[0.32020318508148193, -0.3817966878414154, 0.8670070171356201, -0.5300024151802063], [0.6946576237678528, 0.716904878616333, 0.059146348387002945, -0.04376714676618576], [-0.6441434621810913, 0.5833341479301453, 0.49477317929267883, 0.19915863871574402], [0.0, 0.0, 0.0, 1.0]], "00906.jpg": [[-0.14458370208740234, -0.35302793979644775, 0.9243737459182739, -0.5777627229690552], [0.705247700214386, 0.6185042858123779, 0.34652283787727356, -0.15089914202690125], [-0.6940613985061646, 0.7020140290260315, 0.15954649448394775, 0.35865217447280884], [0.0, 0.0, 0.0, 1.0]], "00934.jpg": [[-0.23236608505249023, -0.31927916407585144, 0.9187310934066772, -0.5972419381141663], [0.7067392468452454, 0.5935343503952026, 0.3850151300430298, -0.1613185852766037], [-0.6682257652282715, 0.7387678027153015, 0.08772989362478256, 0.4009464979171753], [0.0, 0.0, 0.0, 1.0]], "00962.jpg": [[-0.576387345790863, -0.27232253551483154, 0.770466148853302, -0.551668107509613], [0.5932778120040894, 0.5089243650436401, 0.6237125396728516, -0.3221525251865387], [-0.561959981918335, 0.8166005611419678, -0.1317746490240097, 0.546416163444519], [0.0, 0.0, 0.0, 1.0]], "00991.jpg": [[-0.8054766654968262, -0.185237854719162, 0.562933623790741, -0.4546498656272888], [0.42675456404685974, 0.4777979552745819, 0.7678474187850952, -0.4006449282169342], [-0.41120293736457825, 0.858717679977417, -0.3058040142059326, 0.641242265701294], [0.0, 0.0, 0.0, 1.0]], "01019.jpg": [[-0.9447128176689148, -0.05649932846426964, 0.3229946792125702, -0.3317457139492035], [0.2655962109565735, 0.4458157420158386, 0.8548139929771423, -0.46078625321388245], [-0.19229254126548767, 0.8933399319648743, -0.4061617851257324, 0.711592972278595], [0.0, 0.0, 0.0, 1.0]], "01047.jpg": [[-0.9980366826057434, 0.06045740842819214, 0.01635831780731678, -0.17025667428970337], [0.04283377528190613, 0.4683145582675934, 0.8825229406356812, -0.47840842604637146], [0.04569420963525772, 0.8814910054206848, -0.4699847400188446, 0.7752716541290283], [0.0, 0.0, 0.0, 1.0]], "01076.jpg": [[-0.996663510799408, 0.06897518783807755, -0.043637026101350784, -0.14624778926372528], [-0.004902850836515427, 0.48307910561561584, 0.8755629658699036, -0.48846668004989624], [0.081472247838974, 0.8728556632995605, -0.4811291992664337, 0.77054363489151], [0.0, 0.0, 0.0, 1.0]], "01104.jpg": [[-0.8650028705596924, 0.1857489049434662, -0.46611955761909485, 0.08934926986694336], [-0.3109756410121918, 0.5305792689323425, 0.7885301113128662, -0.44989001750946045], [0.39378198981285095, 0.8270326256752014, -0.4011891782283783, 0.7315835952758789], [0.0, 0.0, 0.0, 1.0]], "01132.jpg": [[-0.5024231672286987, 0.2481667399406433, -0.8282416462898254, 0.31421270966529846], [-0.5607286095619202, 0.6356434226036072, 0.5306042432785034, -0.3383578658103943], [0.6581447124481201, 0.7310067415237427, -0.1802077442407608, 0.656729519367218], [0.0, 0.0, 0.0, 1.0]], "01161.jpg": [[-0.23961305618286133, 0.2571444809436798, -0.9361956715583801, 0.3869249224662781], [-0.6154159903526306, 0.7055795192718506, 0.3513128459453583, -0.2522438168525696], [0.7508986592292786, 0.6603288650512695, -0.010815252549946308, 0.556535005569458], [0.0, 0.0, 0.0, 1.0]], "01189.jpg": [[0.07624579221010208, 0.20455549657344818, -0.9758809208869934, 0.37793806195259094], [-0.638437032699585, 0.7618017792701721, 0.10980089753866196, -0.08932347595691681], [0.7658882141113281, 0.614666759967804, 0.1886799931526184, 0.4111216366291046], [0.0, 0.0, 0.0, 1.0]], "01217.jpg": [[0.3400990068912506, 0.13183706998825073, -0.9311023354530334, 0.3568223714828491], [-0.598775327205658, 0.7938299775123596, -0.10631126910448074, 0.0034831606317311525], [0.725121259689331, 0.5936774611473083, 0.34892159700393677, 0.31961941719055176], [0.0, 0.0, 0.0, 1.0]], "01246.jpg": [[0.49662089347839355, 0.09439870715141296, -0.8628189563751221, 0.3724301755428314], [-0.48250851035118103, 0.8563397526741028, -0.18403217196464539, 0.041174810379743576], [0.7214937210083008, 0.5077117085456848, 0.47082436084747314, 0.2948829233646393], [0.0, 0.0, 0.0, 1.0]], "01274.jpg": [[0.7320722341537476, 0.06984102725982666, -0.6776374578475952, 0.29414162039756775], [-0.2740935683250427, 0.9408589005470276, -0.1991414874792099, 0.09291065484285355], [0.6236529350280762, 0.33152198791503906, 0.7079196572303772, 0.18629096448421478], [0.0, 0.0, 0.0, 1.0]], "01302.jpg": [[0.8332820534706116, 0.04970209300518036, -0.5506094098091125, 0.21909083425998688], [-0.18191397190093994, 0.9651392698287964, -0.18818460404872894, 0.1018499806523323], [0.5220616459846497, 0.25697439908981323, 0.8132748007774353, 0.12600134313106537], [0.0, 0.0, 0.0, 1.0]], "01331.jpg": [[0.9692351222038269, -0.05929490923881531, -0.2388879805803299, 0.1520189642906189], [-0.011617097072303295, 0.9584475159645081, -0.28503215312957764, 0.08975512534379959], [0.24586255848407745, 0.27903836965560913, 0.9282721281051636, 0.09241226315498352], [0.0, 0.0, 0.0, 1.0]], "01359.jpg": [[0.9818086624145508, -0.0435665026307106, -0.18480761349201202, 0.1578817516565323], [-0.002776435809209943, 0.9699221849441528, -0.24339932203292847, 0.07063557207584381], [0.18985305726528168, 0.23948463797569275, 0.9521570205688477, 0.08709517121315002], [0.0, 0.0, 0.0, 1.0]], "01387.jpg": [[0.9933000206947327, -0.04876699298620224, -0.10477051138877869, 0.07919556647539139], [0.02511374093592167, 0.9760240912437439, -0.21620869636535645, 0.06433916836977005], [0.11280238628387451, 0.21212893724441528, 0.970709502696991, 0.01945403404533863], [0.0, 0.0, 0.0, 1.0]]}}
