{"extrinsics": {"00000.jpg": [[1.0000000068492887, 9.938468197705364e-09, 4.066726940842665e-09, 1.7242573559609586e-09], [3.4598467789490918e-09, 1.0000000040604273, 6.8969026367287515e-09, 8.122366190263553e-10], [9.571405010459636e-09, 1.5509495071063861e-09, 1.0000000030958578, 2.5927135357632337e-09]], "00033.jpg": [[-0.9734503671829796, 0.057164801122908455, 0.2216451710335204, 0.11346529157481361], [0.010406519774730392, -0.9562593852820238, 0.2923349115775929, 0.13844537968572465], [0.22866152710999885, 0.28688007233058893, 0.9302761613150347, 0.9838488310122493]], "00067.jpg": [[0.9476604588960368, -0.17217247121812218, 0.2688797032124173, -0.06781686918704112], [0.1538961175171027, 0.9841785599760864, 0.0877983319691108, -0.06836483926786092], [-0.27974209489834534, -0.041823465160612305, 0.9591637806463733, -0.3987906803234347]], "00101.jpg": [[-0.0027072052213252375, -0.3951258535397736, -0.918623008042122, -0.020876476196691], [0.999899634238363, -0.013844569462991872, 0.0030082131528947603, 0.012758837418942764], [-0.013906562834808728, -0.9185226658939077, 0.39512367652327707, 0.1451789831799116]], "00135.jpg": [[-0.7757391126966882, -0.09264904654254347, -0.6242154942063786, -0.18675025451322932], [0.5621545963156083, -0.5508914881909708, -0.616847451222726, -0.08475055361322037], [-0.2867246743372305, -0.8294183036402653, 0.4794311615995711, 0.32564612454857506]], "00169.jpg": [[-0.7157142991879079, -0.6856499341199822, -0.1328051572011647, 0.033167969544513225], [-0.6211970400720852, 0.5380852694499791, 0.569717895283818, 0.11461594242400848], [-0.3191665385713895, 0.49025341471753897, -0.8110390311286816, -0.41624864469107836]], "00202.jpg": [[-0.9354672865024769, -0.17228405390600413, 0.30857602086585767, 0.03872984943589346], [0.061153629488836285, -0.9388695106956831, -0.33879828141003193, -0.12724208487516414], [0.34808215910045615, -0.29806416533317526, 0.8888175087498014, 0.4224616328171864]], "00236.jpg": [[-0.17853354466676538, -0.7873587780214083, -0.5900779000279167, -0.055475664197734205], [-0.9139029792407678, -0.08950699464391917, 0.3959417159692361, 0.12077569818924706], [-0.36456428509053096, 0.6099628288530776, -0.7035895319388864, -0.3847311059253873]], "00270.jpg": [[0.2811766099628594, 0.6945885903689378, -0.6621830593869699, -0.9965917430790061], [0.8673784798555288, 0.11129187702465371, 0.4850450399621077, 0.6075879191355978], [0.41060234618582886, -0.7107466554529975, -0.5711785229410075, -0.6858275599067842]], "00304.jpg": [[0.5950804034283265, -0.2062272472190209, 0.7767558406346523, 0.05173966376330373], [0.7637002626374383, -0.15588912488820236, -0.6264666707727535, 0.01032428890655], [0.25028228523626594, 0.9660066786756988, 0.06472923953560195, 0.15312094596111708]], "00338.jpg": [[-0.4556922977690541, -0.8240630536708067, 0.33654808472000775, 0.047425375122980465], [-0.7237710025782711, 0.563112352391533, 0.3988232871973727, 0.1466896415551888], [-0.5181699196024442, -0.061843044546818826, -0.8530389043064667, -0.43996867162413267]], "00372.jpg": [[-0.27897670252946283, 0.9581523388035695, -0.06415680081673451, 0.008973081322060764], [-0.9522967316632173, -0.2846405133450866, -0.11004868479995741, -0.1378409723257121], [-0.12370502944239008, 0.030395292528548855, 0.991853412497412, 0.48174128928467375]], "00405.jpg": [[-0.08639209716391091, 0.41119407408164, 0.9074446754418498, 0.007593819208189184], [0.9663237835963833, -0.18702724493580464, 0.17674601808157603, 0.053331998692423624], [0.242393792832225, 0.8921548313447982, -0.38118893754218985, -0.13759437177904596]], "00439.jpg": [[0.5219894664366569, -0.09486836719671016, -0.8476597134667924, -0.042979078202012744], [-0.7748327633736989, -0.4682198395963964, -0.4247403567016006, 0.03303741465843931], [-0.35659667094891967, 0.8785045103548164, -0.3179129433577576, -0.12152955382447786]], "00473.jpg": [[-0.1876589524182437, 0.9417474027204483, -0.27909845403831457, -0.15817563734866863], [0.9692475709734081, 0.22359800486564213, 0.10277683777122547, 0.14361725456611538], [0.1591956775149247, -0.2512285049300616, -0.9547465499132064, -0.4128696559015602]], "00507.jpg": [[0.8256912309438043, -0.19943594645033538, -0.5276924240558731, -0.17892949305200612], [-0.1221867171804216, -0.976442696660368, 0.1778484362689213, 0.14077048484468754], [-0.5507307847643681, -0.08237088928795036, -0.8306085957361236, -0.4147834123238389]], "00541.jpg": [[0.4546565858418229, -0.1070002569607518, 0.8842162257960384, 0.007159858942240559], [-0.7734995002049451, 0.4447514509460336, 0.4515469743715469, -0.003078103745913694], [-0.4415720916604192, -0.8892396144413106, 0.11944453095437828, 0.01212657171736171]], "00574.jpg": [[0.2834855425764517, 0.7722913328813253, 0.5685086141005433, -0.011511927327152949], [0.9479247812446108, -0.31541096558727927, -0.044210088098264586, 0.062138347899631755], [0.14517078305392866, 0.5514363244688236, -0.8214885414927113, -0.20882411822594796]], "00608.jpg": [[0.2390455172176806, 0.7425874032063203, 0.625636627202584, 0.38499659268359054], [0.9221403766101518, -0.37543953633576377, 0.09328601385670034, 1.0115370269184185], [0.30416174401692486, 0.5546251915981457, -0.7745169658059805, -0.10995283571221685]], "00642.jpg": [[0.18823448979800914, 0.7216521748872567, 0.6661725867453373, 0.5087750005220621], [0.855775041787802, -0.45333203250629306, 0.24927724757144956, 1.908397135973608], [0.4818888406090845, 0.5231712977450159, -0.7029046439683183, 0.5406212926562294]], "00676.jpg": [[-0.4796029187584851, -0.39194209458679186, 0.7850875332147741, 0.21284563645261595], [-0.7449857976753497, 0.6546274033322087, -0.12829311777547095, -1.6051999372516619], [-0.4636563399548888, -0.646408815918724, -0.6059525073157054, -1.7137156742900135]], "00710.jpg": [[0.6593355860497473, -0.7349962380444567, -0.158294393548643, -0.0164079439978102], [-0.7451119078053817, -0.6106596989503815, -0.2681473045258023, -0.1296931437577298], [0.10042325335827831, 0.29474609774910504, -0.9502841196434958, -0.4942825698610669]], "00744.jpg": [[-0.3191452386871212, -0.6348958850341413, -0.703600406331644, -0.1283028398775011], [-0.888281040114163, 0.45915861378788786, -0.011408819311636613, -0.1287868560721999], [0.33030759966588846, 0.62135383039867, -0.7105042625149125, -0.34970715445233386]], "00777.jpg": [[-0.10539166750187767, 0.8787888231088197, 0.46542754624128946, 0.03340760392241153], [0.9871183055819805, 0.03579589447599807, 0.15593622005045057, 0.14426771498185736], [0.12037461196669766, 0.4758664290719377, -0.8712411230401086, -0.40436958503149]], "00811.jpg": [[-0.7903532298855048, 0.32234827340681743, 0.5209926704294359, 0.002432835675863315], [0.39641134306829034, -0.37931313420356355, 0.8360499945024005, 0.015792663695604427], [0.46711863492730094, 0.8673022177143987, 0.17200884875883948, -0.02868550378382133]], "00845.jpg": [[0.9148223556281115, -0.1773779646463006, -0.36281829515746383, 0.010709244914994837], [0.3877219769193776, 0.6371440314742229, 0.6661224750528265, -0.018058969447944672], [0.11301206243920449, -0.7500563584256247, 0.6516469388622395, 0.0815461256204549]], "00879.jpg": [[-0.9674553965854565, 0.20351195024437352, -0.1503760011617828, -0.27891596931421525], [-0.17857598530933508, -0.12807205672311656, 0.9755553114803438, 0.8934840760333433], [0.17927820026003488, 0.9706597933336075, 0.16024634946569147, 0.40170560715362746]], "00913.jpg": [[0.6332169004398213, 0.7558086573384228, 0.16670222101002222, 0.09193935759325654], [-0.7115918472009336, 0.4837992194804138, 0.5094853856856976, 0.1851155077958939], [0.30442306087835547, -0.4412386981243045, 0.8441771208004998, 0.45241486866474556]], "00946.jpg": [[-0.11984517890054344, -0.9894399868004403, -0.08152082932992999, -0.03627036859995507], [0.9921095738802547, -0.12240364842625474, 0.027128219017837348, 0.14386592516963492], [-0.03682019159964565, -0.07762640898743667, 0.9963023708283951, 0.43350719411193556]], "00980.jpg": [[0.5082913836100091, 0.6884952959511424, 0.5173143114209883, -0.02220466845171404], [-0.7957317553148521, 0.1457715281123904, 0.5878449074163371, 0.09550720651546922], [0.32931875581473646, -0.7104399264152649, 0.6219519820884137, 0.3009005537291471]], "01014.jpg": [[-0.031953383699205626, 0.4619285251053419, 0.8863413670613447, 0.030514317550761626], [0.9401877554470011, 0.3148056750668833, -0.13017054756438878, -0.06384648360768888], [-0.3391547814460239, 0.8291679110045724, -0.44435864972183536, -0.2263070513147094]], "01048.jpg": [[-0.04040531518624831, -0.6879588766466472, -0.7246240366892218, -0.34227006537741633], [-0.9823484112810003, 0.1599161949790364, -0.09704849013313273, -0.09022678768696309], [0.1826444889899334, 0.7079119963855043, -0.6822767737620088, -0.3696759800214336]], "01082.jpg": [[0.8047110577661701, 0.5762180096061091, 0.1428737866595047, 0.2280243208409737], [0.5817085598124848, -0.8133871248222797, 0.004066523605025237, -0.08524796733963151], [0.11855490268115038, 0.07983852816102555, -0.9897325620951066, -0.42060371362219096]], "01116.jpg": [[-0.7070310513378807, -0.34742224321082715, -0.6159585029581192, 0.01126269390394767], [-0.7044323438844757, 0.42273768573871157, 0.5701472809245882, -0.02042149072717489], [0.06230702475222236, 0.8370129234239072, -0.5436241354905893, -0.05581289121143188]], "01149.jpg": [[-0.0007645702288183923, -0.2944273890006271, -0.9556735467923336, -0.01701993174317187], [-0.8845697051695234, 0.4459325898334435, -0.13667685254182727, -0.046217716171188236], [0.4664073885871319, 0.8452553684719847, -0.260782495464364, -0.12623127432103579]], "01183.jpg": [[0.9940366994665555, 0.1076528713220239, 0.017375252797004744, 0.03233301047905262], [-0.04329617598516267, 0.24339388503335554, 0.9689607101804651, 0.09994542499331709], [0.10008237236745457, -0.9639347882634455, 0.24660341181096537, 0.21445002489546447]], "01217.jpg": [[-0.7443806272499872, -0.2623739402839627, -0.6140499957127122, 0.0007531008114740191], [-0.6608591784042692, 0.42127996011772745, 0.6211186211361237, -0.022954200841329226], [0.09572161769291576, 0.8681492444638035, -0.4869848675710342, -0.0749290229632466]], "01251.jpg": [[-0.9631713115961307, -0.2649093685965334, 0.04608742722234028, 0.009797925683967196], [-0.0529981237148742, 0.355069885988971, 0.9333362603834067, -0.005182445944246451], [-0.2636137769557796, 0.8965201629040838, -0.3560328272863943, -0.046337217153670666]], "01285.jpg": [[-0.6688739089423505, -0.2482281930974214, -0.7007071129136404, 0.001968290315692423], [-0.7433325278709623, 0.21315809279989667, 0.6340507712185798, -0.00524121441779396], [-0.008027885471620881, 0.9449584073521436, -0.3270919770177106, -0.03725794515660469]], "01318.jpg": [[-0.9988906787507497, -0.013985281677505224, -0.04496469505364406, -0.0043722769953535275], [0.04697142964779348, -0.3634710574330976, -0.9304205904886823, 0.0034608814667942698], [-0.003331171221769797, -0.93150051116726, 0.36372475994001907, 0.02314656311563747]], "01352.jpg": [[-0.958983888024305, 0.09279856109475763, -0.2678401194155373, -0.009097934532376081], [0.20114561333533737, -0.44298911897945376, -0.8736710380353454, 0.011338313611102649], [-0.19972567372708394, -0.891711314005015, 0.4061534041833363, 0.06072918460903936]], "01386.jpg": [[-0.01778385136886567, -0.53879988128521, -0.8422460582024325, -0.06834293786138379], [0.9985105680977233, 0.033885152890619316, -0.04276028309939831, 0.03984762928938782], [0.05157887191138899, -0.8417520325729093, 0.5373947670304634, 0.2612538484302089]], "01420.jpg": [[-0.2871527688613146, 0.06201175662115763, -0.9558754256575683, -0.006513258290241212], [0.9196387325196358, -0.2613173867973531, -0.29321975548567475, 0.004043733797236705], [-0.2679699404503364, -0.9632589295709444, 0.018009597910065636, 0.024419024769029497]], "01454.jpg": [[-0.1628203755182037, 0.828371806535405, 0.5359941002038923, 0.014686720770932358], [-0.951068548277504, -0.27635383051903967, 0.13819253538007925, 0.08057873608017652], [0.2625988229094559, -0.48726657026182596, 0.8328344059366454, 0.3786590873613557]], "01488.jpg": [[-0.5995920913919744, 0.21856559147729626, 0.7698820728932317, -0.003215608135530132], [0.7744264416306806, 0.4011116355941478, 0.489257746279229, -0.010527919395288559], [-0.20187374877244857, 0.8895721095072439, -0.4097663377382176, -0.0508329367320399]], "01521.jpg": [[-0.928892469180573, -0.06826552513385734, 0.3640035697322447, 0.02184820600579754], [0.17299892400757697, -0.9490224167547606, 0.26349160288171186, 0.1231526472613807], [0.3274601548155732, 0.30772759150773565, 0.8933496384020136, 0.40195847262763423]], "01555.jpg": [[-0.7289875524701215, -0.368824443131721, -0.5766677366492754, -0.006454396085436195], [0.6735517365823027, -0.536732025517196, -0.5081798804864007, 0.05522181781395267], [-0.12208688091104145, -0.7588723627414453, 0.6396933097794828, 0.198592406606333]], "01589.jpg": [[0.6304334481584803, -0.699236666168889, -0.33707825816570774, -0.054301333148617376], [-0.7690959797732125, -0.5038707973017059, -0.3931991779279643, -0.15004547565947549], [0.10509539161967225, 0.5071314467784088, -0.8554371130297923, -0.4332140060696327]], "01623.jpg": [[0.6076243495032263, -0.13267980230703477, -0.7830636755402131, -0.003213519664573029], [-0.7700945444285839, 0.14276271929052647, -0.6217501094669037, -0.005801837468260193], [0.1942859813062013, 0.9808235702920991, -0.015429887470292501, -0.02413367139123333]], "01657.jpg": [[0.8968366218718508, 0.020742383485207506, -0.4418753525563949, -0.005194300779302275], [0.4423619246047693, -0.04213506970761336, 0.8958462834441513, 0.012766089361179856], [-3.646162704330301e-05, -0.9988965859527633, -0.046963914258317654, 0.05092336410521012]], "01690.jpg": [[0.9470435675233458, -0.11539878486029463, -0.29965246814505175, -0.03130375322217998], [0.1976296060010815, 0.9449798304528865, 0.2606830621062495, 0.12466565758091253], [0.25308302994177806, -0.3060984163467704, 0.917743286254652, 0.45138051753572817]]}}
